T = 1.872400546179545b2
x1(0) = -1.176486990640398b1
x2(0) = -1.286577495574603b1
x3(0) = 2.7b1
