T = 7.379913155542596b1
x1(0) = -1.176372738800728b1
x2(0) = -1.286410022110482b1
x3(0) = 2.7b1
