T = 3.979738994469431b1
x1(0) = -1.176040674681777b1
x2(0) = -1.285923514366625b1
x3(0) = 2.699999999999996b1
