T = 1.224104847267768b2
x1(0) = -1.176458875339676b1
x2(0) = -1.28653627945947b1
x3(0) = 2.699999999999999b1
