T = 2.034483797296787b2
x1(0) = -1.176490199814569b1
x2(0) = -1.286582200283012b1
x3(0) = 2.7b1
