T = 1.386170554990892b2
x1(0) = -1.176469688457835b1
x2(0) = -1.286552130834043b1
x3(0) = 2.700000000000001b1
