T = 6.569981899025817b1
x1(0) = -1.176337254022815b1
x2(0) = -1.286358016197203b1
x3(0) = 2.699999999999988b1
