T = 3.656294189965356b1
x1(0) = -1.17595362743846b1
x2(0) = -1.285796040522358b1
x3(0) = 2.699999999999995b1
