T = 1.791359876073401b2
x1(0) = -1.176485049617453b1
x2(0) = -1.286574650015506b1
x3(0) = 2.700000000000002b1
