T = 5.922147007056049b1
x1(0) = -1.176297739936977b1
x2(0) = -1.286300109814006b1
x3(0) = 2.69999999999999b1
