T = 1.710319963790207b2
x1(0) = -1.176482826074051b1
x2(0) = -1.286571390293658b1
x3(0) = 2.7b1
