T = 8.189954749175277b1
x1(0) = -1.176398206359748b1
x2(0) = -1.286447349475099b1
x3(0) = 2.699999999999999b1
