T = 3.494624920305231b1
x1(0) = -1.175900674426201b1
x2(0) = -1.285718507022141b1
x3(0) = 2.699999999999997b1
