21
(%o12) [[omega = -0.17979569912272,x10 = -0.045573759359144,
         x20 = -0.045573759359144,x30 = 2.229885840335154,
         c1c1 = -0.10356723954761,s1c1 = -0.1305454696416,
         c1c2 = -0.15406750489608,s1c2 = -0.25031227422469,
         c1c3 = -0.23775901759403,s1c3 = -0.34889776177346,
         c1c4 = -0.34702849328703,s1c4 = -0.4178046711404,
         c1c5 = -0.47222811175628,s1c5 = -0.45113295255178,
         c1c6 = -0.60253203986362,s1c6 = -0.44603338131406,
         c1c7 = -0.72688066582864,s1c7 = -0.4028859789545,
         c1c8 = -0.83492629250321,s1c8 = -0.32519185303958,
         c1c9 = -0.91789518293161,s1c9 = -0.21919345170326,
         c1c10 = -0.96928991026994,s1c10 = -0.093262893464635,
         c1c11 = -0.98537198739044,s1c11 = 0.042881391745992,
         c1c12 = -0.96538605228162,s1c12 = 0.17905490459913,
         c1c13 = -0.91151126696606,s1c13 = 0.30550204240825,
         c1c14 = -0.82855066740113,s1c14 = 0.413723876341,
         c1c15 = -0.7233927542772,s1c15 = 0.4971642712165,
         c1c16 = -0.60429984117429,s1c16 = 0.55169354612534,
         c1c17 = -0.48009330393032,s1c17 = 0.57584753321875,
         c1c18 = -0.35931601605154,s1c18 = 0.57080235988244,
         c1c19 = -0.24945606229904,s1c19 = 0.54009051074203,
         c1c20 = -0.1563121398817,s1c20 = 0.48909052243416,
         c1c21 = -0.083568434771475,s1c21 = 0.42434902159423,
         c2c1 = -0.10122008814946,s2c1 = -0.13240756406566,
         c2c2 = -0.14506649082743,s2c2 = -0.25585240917567,
         c2c3 = -0.2189399224939,s2c3 = -0.36172217641078,
         c2c4 = -0.31698070010926,s2c4 = -0.44276236336682,
         c2c5 = -0.43167222945561,s2c5 = -0.49358524430109,
         c2c6 = -0.55441510968836,s2c6 = -0.51103298292473,
         c2c7 = -0.67617464945163,s2c7 = -0.49436899119852,
         c2c8 = -0.7881518152502,s2c8 = -0.44528477822083,
         c2c9 = -0.88242614702871,s2c9 = -0.36772369722618,
         c2c10 = -0.95252164313726,s2c10 = -0.26753705053422,
         c2c11 = -0.9938528661796,s2c11 = -0.1520008181597,
         c2c12 = -1.004018014386133,s2c12 = -0.029231807632835,
         c2c13 = -0.98291760625373,s2c13 = 0.092450495255125,
         c2c14 = -0.93269075042782,s2c14 = 0.20516609123541,
         c2c15 = -0.85747475086052,s2c15 = 0.30206991222312,
         c2c16 = -0.76300724409765,s2c16 = 0.37785272624744,
         c2c17 = -0.65610265062969,s2c17 = 0.42910572413745,
         c2c18 = -0.54404607289228,s2c18 = 0.45451610612088,
         c2c19 = -0.43395736913903,s2c19 = 0.45487336921125,
         c2c20 = -0.3321848847124,s2c20 = 0.43288202149136,
         c2c21 = -0.24379030569159,s2c21 = 0.39279600677013,
         c3c1 = 4.308893955972464,s3c1 = -0.82732823290769,
         c3c2 = 3.931625312479808,s3c2 = -1.564590927299377,
         c3c3 = 3.374692203517985,s3c3 = -2.14453529685234,
         c3c4 = 2.704427467913448,s3c4 = -2.523076138647488,
         c3c5 = 1.995561259127784,s3c5 = -2.684029981653247,
         c3c6 = 1.319762070048282,s3c6 = -2.638611203147235,
         c3c7 = 0.73619577535617,s3c7 = -2.420542724915031,
         c3c8 = 0.28549020651736,s3c8 = -2.078446447422017,
         c3c9 = -0.012526241883431,s3c9 = -1.667373714034254,
         c3c10 = -0.15776789967355,s3c10 = -1.241039029060538,
         c3c11 = -0.16644717778472,s3c11 = -0.845772538876,
         c3c12 = -0.066305273708,s3c12 = -0.51663338752123,
         c3c13 = 0.10852622402989,s3c13 = -0.27566658225494,
         c3c14 = 0.32230739670802,s3c14 = -0.13198998514367,
         c3c15 = 0.54164935532382,s3c15 = -0.083253955801118,
         c3c16 = 0.73841672576631,s3c16 = -0.11798517774124,
         c3c17 = 0.8915205578995,s3c17 = -0.21836599612131,
         c3c18 = 0.98767629651624,s3c18 = -0.36307695120253,
         c3c19 = 1.021281279995888,s3c19 = -0.52991978817123,
         c3c20 = 0.99360837113848,s3c20 = -0.69802709226948,
         c3c21 = 0.91152629440307,s3c21 = -0.84954538960015]]