T = 1.953441879703182b2
x1(0) = -1.176488695055736b1
x2(0) = -1.286579994274688b1
x3(0) = 2.700000000000001b1
