T = 1.062048807166531b2
x1(0) = -1.176442736872388b1
x2(0) = -1.286512622154218b1
x3(0) = 2.699999999999999b1
