T = 5.274449466169629b1
x1(0) = -1.176242723335511b1
x2(0) = -1.28621949353961b1
x3(0) = 2.69999999999999b1
