T = 1.467206031288366b2
x1(0) = -1.176473801532269b1
x2(0) = -1.286558160451292b1
x3(0) = 2.7b1
