T = 1.55865221116497535697447450592b0
x1(0) = -2.14737591413540895857181567408b0
x2(0) = 2.07814303677056599894967803266b0
x3(0) = 2.7000000000000007105427357601b1
