T = 1.629280922544174b2
x1(0) = -1.17648026239488b1
x2(0) = -1.286567631951639b1
x3(0) = 2.699999999999999b1
