T = 4.626947717341566b1
x1(0) = -1.176162884708352b1
x2(0) = -1.286102522841793b1
x3(0) = 2.699999999999994b1
