T = 1.548242889289346b2
x1(0) = -1.17647728549123b1
x2(0) = -1.286563267851256b1
x3(0) = 2.700000000000001b1
