T = 9.00007674376776b1
x1(0) = -1.176417101324263b1
x2(0) = -1.286475044864026b1
x3(0) = 2.7b1
