T = 3.818000416999694b1
x1(0) = -1.175999938519548b1
x2(0) = -1.285863856399409b1
x3(0) = 2.699999999999995b1
