T = 1.305136718228462b2
x1(0) = -1.176464785137197b1
x2(0) = -1.286544942816597b1
x3(0) = 2.700000000000001b1
