T = 9.810259141297092b1
x1(0) = -1.176431505407301b1
x2(0) = -1.286496158501168b1
x3(0) = 2.7b1
