T = 1.143075361142323b2
x1(0) = -1.176451663472462b1
x2(0) = -1.286525707511614b1
x3(0) = 2.699999999999999b1
